// Updated at 19:17 Fri. 01/05/2018
{
    "score": 15,
    "times": 6,
    "game_data":{
        "seed": 1515133990140,
        "action": [
            [
                0.668,
                1.43,
                false
            ],
            [
                0.662,
                1.46,
                false
            ],
            [
                0.704,
                1.36,
                false
            ],
            [
                0.29,
                2.17,
                false
            ],
            [
                0.513,
                1.73,
                false
            ],
            [
                0.457,
                1.84,
                false
            ],
            [
                0.635,
                1.5,
                false
            ],
            [
                0.252,
                2.24,
                true
            ],
            [
                0.528,
                1.7,
                false
            ],
            [
                0.625,
                1.5,
                false
            ],
            [
                0.016,
                2.72,
                false
            ],
            [
                0.067,
                2.61,
                false
            ],
            [
                0.085,
                2.58,
                false
            ]
        ],
        "musicList": [
            false,
            false,
            false,
            false,
            false,
            false,
            false,
            false,
            false,
            false,
            false,
            false,
            false
        ],
        "touchList": [
            [
                257.66666,
                537
            ],
            [
                259,
                546.6667
            ],
            [
                262,
                547.6667
            ],
            [
                262.33334,
                550.6667
            ],
            [
                260.33334,
                551.6667
            ],
            [
                263,
                554
            ],
            [
                263,
                552.6667
            ],
            [
                264.66666,
                551.3333
            ],
            [
                263.66666,
                550.3333
            ],
            [
                262.33334,
                551.3333
            ],
            [
                253.33333,
                541.3333
            ],
            [
                261.33334,
                550
            ],
            [
                261,
                548.6667
            ]
        ],
        "steps": [
            [
                257.66666,
                537,
                257.66666,
                537
            ],
            [
                259,
                546.6667,
                259,
                546.6667,
                259,
                546.6667
            ],
            [
                262,
                547.6667,
                262,
                547.6667,
                262,
                547.6667,
                262,
                547.6667
            ],
            [
                262.33334,
                550.6667,
                262.33334,
                550.6667,
                262.33334,
                550.6667
            ],
            [
                260.33334,
                551.6667,
                260.33334,
                551.6667,
                260.33334,
                551.6667,
                260.33334,
                551.6667
            ],
            [
                263,
                554,
                263,
                554,
                263,
                554
            ],
            [
                263,
                552.6667,
                263,
                552.6667,
                263,
                552.6667
            ],
            [
                264.66666,
                551.3333,
                264.66666,
                551.3333,
                264.66666,
                551.3333,
                264.66666,
                551.3333
            ],
            [
                263.66666,
                550.3333,
                263.66666,
                550.3333,
                263.66666,
                550.3333
            ],
            [
                262.33334,
                551.3333,
                262.33334,
                551.3333,
                262.33334,
                551.3333
            ],
            [],
            [
                261.33334,
                550
            ],
            [
                261,
                548.6667
            ]
        ],
        "timestamp": [
            1515133992139,
            1515133994265,
            1515133996153,
            1515134000073,
            1515134001258,
            1515134002620,
            1515134004027,
            1515134005495,
            1515134006692,
            1515134008148,
            1515134014694,
            1515134016312,
            1515134016893
        ],
        "version": 2
    }
}